1 170.11 194.10 194.17 24.06
2 197.70 188.59 188.61 -9.09
3 210.00 241.47 241.47 31.47
1 170.11 193.05 193.00 22.89
2 197.70 183.36 183.25 -14.45
3 210.00 241.50 241.45 31.45
1 170.11 191.93 191.84 21.73
2 197.70 180.98 180.92 -16.78
3 210.00 241.47 241.47 31.47
1 170.11 189.71 189.51 19.40
2 197.70 178.11 178.00 -19.70
3 210.00 241.47 241.47 31.47
1 170.11 185.82 185.47 15.36
2 197.70 174.46 174.11 -23.59
3 210.00 241.47 241.50 31.50
1 170.11 181.60 181.36 11.25
2 197.70 172.04 171.93 -25.77
3 210.00 241.50 241.47 31.47
1 170.11 176.39 175.73 5.62
2 197.70 171.43 171.54 -26.16
3 210.00 241.47 241.47 31.47
1 170.11 170.04 169.65 -0.46
2 197.70 171.43 171.54 -26.16
3 210.00 241.50 241.50 31.50
1 170.11 165.12 164.59 -5.52
2 197.70 172.50 172.83 -24.87
3 210.00 241.45 241.50 31.50
1 170.11 157.52 157.50 -12.61
2 197.70 175.45 175.49 -22.21
3 210.00 241.45 241.52 31.52
1 170.11 152.68 152.35 -17.76
2 197.70 178.65 179.01 -18.69
3 210.00 241.50 241.47 31.47
1 170.11 146.82 146.66 -23.45
2 197.70 183.38 183.44 -14.26
3 210.00 241.45 241.52 31.52
1 170.11 143.85 143.41 -26.70
2 197.70 187.00 187.58 -10.12
3 210.00 241.45 241.47 31.47
1 170.11 139.59 139.32 -30.79
2 197.70 197.09 198.06 0.36
3 210.00 241.50 241.47 31.47
1 170.11 138.93 138.91 -31.20
2 197.70 204.65 204.74 7.04
3 210.00 241.45 241.43 31.43
1 170.11 140.00 140.11 -30.00
2 197.70 207.61 208.05 10.35
3 210.00 241.50 241.50 31.50
1 170.11 141.39 141.63 -28.48
2 197.70 209.99 210.47 12.77
3 210.00 241.43 241.50 31.50
1 170.11 144.38 144.49 -25.62
2 197.70 213.81 214.18 16.48
3 210.00 241.47 241.47 31.47
1 170.11 149.30 149.37 -20.74
2 197.70 218.10 218.12 20.42
3 210.00 241.47 241.45 31.45
1 170.11 152.95 153.39 -16.72
2 197.70 220.23 220.60 22.90
3 210.00 241.47 241.50 31.50
1 170.11 157.89 158.26 -11.85
2 197.70 222.20 222.34 24.64
3 210.00 241.47 241.47 31.47
1 170.11 165.08 165.78 -4.33
2 197.70 222.91 222.80 25.10
3 210.00 241.50 241.50 31.50
1 170.11 171.76 172.50 2.39
2 197.70 221.48 220.93 23.23
3 210.00 241.47 241.52 31.52
1 170.11 179.73 180.00 9.89
2 197.70 216.91 216.71 19.01
3 210.00 241.45 241.50 31.50
1 170.11 185.97 186.17 16.06
2 197.70 211.09 210.84 13.14
3 210.00 241.47 241.50 31.50
1 170.11 188.85 188.98 18.87
2 197.70 206.63 206.47 8.77
3 210.00 241.50 241.47 31.47
1 170.11 190.43 190.63 20.52
2 197.70 203.29 202.65 4.95
3 210.00 241.47 241.52 31.52
1 170.11 192.32 192.43 22.32
2 197.70 197.90 196.98 -0.72
3 210.00 241.45 241.47 31.47
1 170.11 192.74 192.67 22.56
2 197.70 192.96 192.28 -5.42
3 210.00 241.47 241.45 31.45
1 170.11 191.99 191.82 21.71
2 197.70 187.60 186.85 -10.85
3 210.00 241.52 241.47 31.47
1 170.11 189.05 188.37 18.26
2 197.70 181.75 180.96 -16.74
3 210.00 241.47 241.45 31.45
1 170.11 185.22 184.89 14.78
2 197.70 178.94 178.63 -19.07
3 210.00 241.50 241.45 31.45
1 170.11 183.31 183.27 13.16
2 197.70 178.85 179.07 -18.63
3 210.00 241.47 241.47 31.47
1 170.11 180.96 181.05 10.94
2 197.70 181.27 181.27 -16.43
3 210.00 241.43 241.47 31.47
1 170.11 178.90 178.94 8.83
2 197.70 186.48 187.07 -10.63
3 210.00 241.43 241.45 31.45
1 170.11 178.15 178.11 8.00
2 197.70 194.15 194.72 -2.98
3 210.00 241.45 241.45 31.45
1 170.11 172.68 172.77 2.66
2 197.70 198.61 198.67 0.97
3 210.00 241.47 241.47 31.47
1 170.11 172.15 172.24 2.13
2 197.70 204.25 204.27 6.57
3 210.00 241.41 241.47 31.47

